Frame Number      Time Stamp (check with Hz)      Gaze-X           Gaze-Y         Object Observed         Fixation (SMI)  Pupuil Size (SMI)  
Intial Set up options
    0              0.0           487.390000       164.880000             None
    1             40.0           551.740000       480.770000             None
    2             80.0           565.420000       418.830000             None
    3            120.0           570.550000       413.660000             None
    4            160.0           580.070000       410.280000             None
    5            200.0           587.640000       406.760000             None
    6            240.0           591.230000       406.730000             None
    7            280.0           597.060000       408.360000             None
    8            320.0           604.520000       408.510000             None
    9            360.0           525.390000       385.490000             None
   10            400.0           391.130000       357.950000             None
   11            440.0           221.010000       337.870000             None
   12            480.0           150.770000       345.210000             None
   13            520.0           144.600000       341.060000             None
   14            560.0           167.710000       332.320000             None
   15            600.0           184.290000       327.380000             None
   16            640.0           212.370000       322.680000             None
   17            680.0           233.560000       320.350000             None
   18            720.0           260.220000       314.300000             None
   19            760.0            76.680000       291.630000             None
   20            800.0          -160.800000       206.830000             None
   21            840.0          -315.750000       238.030000             None
   22            880.0          -230.800000       235.990000             None
   23            920.0          -131.070000       227.190000             None
   24            960.0           -36.010000       223.960000             None
   25           1000.0            -9.930000       229.020000             None
   26           1040.0            25.480000       235.580000             None
   27           1080.0            57.480000       238.760000             None
   28           1120.0            83.450000       246.240000             None
   29           1160.0           117.400000       255.060000             None
   30           1200.0           134.200000       255.230000             None
   31           1240.0           164.070000       248.210000             None
   32           1280.0           187.840000       246.020000             None
   33           1320.0           222.850000       243.060000             None
   34           1360.0           241.260000       241.550000             None
   35           1400.0           260.870000       243.480000             None
   36           1440.0           282.380000       242.220000             None
   37           1480.0           291.070000       240.220000             None
   38           1520.0           301.080000       239.000000             None
   39           1560.0           305.620000       238.600000             None
   40           1600.0           249.940000       202.660000             None
   41           1640.0           250.600000       192.530000             None
   42           1680.0           254.190000       192.730000             None
   43           1720.0           261.000000       202.230000             None
   44           1760.0           264.920000       209.480000             None
   45           1800.0           267.810000       212.560000             None
   46           1840.0           270.360000       211.620000             None
   47           1880.0           274.160000       212.350000             None
   48           1920.0           275.250000       207.860000             None
   49           1960.0           273.350000       202.630000             None
   50           2000.0           269.490000       199.100000             None
   51           2040.0           261.610000       197.040000             None
   52           2080.0           249.060000       195.080000             None
   53           2120.0           225.340000       194.200000             None
   54           2160.0           210.880000       191.140000             None
   55           2200.0           199.450000       184.380000             None
   56           2240.0           201.980000       173.280000             None
   57           2280.0           204.900000       164.780000             None
   58           2320.0           211.260000       162.670000             None
   59           2360.0           212.870000       166.310000             None
   60           2400.0           213.130000       173.210000             None
   61           2440.0           293.310000       194.340000             None
   62           2480.0           566.100000       235.490000             None
   63           2520.0           652.960000       383.980000             None
   64           2560.0                  nan              nan             None
   65           2600.0          1066.600000       293.900000             None
   66           2640.0           985.710000       284.150000             None
   67           2680.0           940.790000       278.900000             None
   68           2720.0           890.860000       269.140000             None
   69           2760.0           869.330000       271.220000             None
   70           2800.0           837.230000       267.500000             None
   71           2840.0           808.480000       264.020000             None
   72           2880.0           783.240000       256.350000             None
   73           2920.0           772.480000       254.900000             None
   74           2960.0           695.390000       292.180000             None
   75           3000.0           610.340000       388.350000             None
   76           3040.0           612.250000       382.540000             None
   77           3080.0           621.060000       376.530000             None
   78           3120.0           628.100000       371.080000             None
   79           3160.0           635.710000       367.870000             None
   80           3200.0           648.500000       361.360000             None
   81           3240.0           661.070000       360.450000             None
   82           3280.0           681.650000       358.070000             None
   83           3320.0           591.220000       364.530000             None
   84           3360.0           438.650000       360.210000             None
   85           3400.0           442.820000       356.360000             None
   86           3440.0           459.150000       358.280000             None
   87           3480.0           481.130000       363.220000             None
   88           3520.0           493.200000       372.170000             None
   89           3560.0           508.650000       380.470000             None
   90           3600.0           516.340000       386.820000             None
   91           3640.0           583.600000       388.670000             None
   92           3680.0           831.470000       325.020000             None
   93           3720.0           819.800000       325.460000             None
   94           3760.0           804.420000       325.120000             None
   95           3800.0           796.980000       322.390000             None
   96           3840.0           795.940000       324.870000             None
   97           3880.0           848.250000       313.260000             None
   98           3920.0           853.310000       312.520000             None
   99           3960.0           856.210000       317.330000             None
  100           4000.0           850.240000       319.450000             None
  101           4040.0           849.280000       325.660000             None
  102           4080.0           842.660000       336.530000             None
  103           4120.0           839.280000       341.440000             None
  104           4160.0           829.290000       347.070000             None
  105           4200.0           819.810000       347.620000             None
  106           4240.0           868.160000       303.150000             None
  107           4280.0           863.640000       268.020000             None
  108           4320.0           853.050000       263.030000             None
  109           4360.0           836.330000       252.470000             None
  110           4400.0           828.820000       251.040000             None
  111           4440.0           807.360000       252.720000             None
  112           4480.0           805.440000       256.470000             None
  113           4520.0           803.600000       260.870000             None
  114           4560.0           799.000000       262.720000             None
  115           4600.0           791.960000       265.440000             None
  116           4640.0           774.890000       265.140000             None
  117           4680.0           762.380000       267.570000             None
  118           4720.0           745.980000       274.670000             None
  119           4760.0           697.730000       230.690000             None
  120           4800.0           684.780000       208.120000             None
  121           4840.0           673.960000       220.420000             None
  122           4880.0           663.910000       225.410000             None
  123           4920.0           657.700000       233.120000             None
  124           4960.0           641.560000       236.040000             None
  125           5000.0           631.670000       232.780000             None
  126           5040.0           619.000000       231.370000             None
  127           5080.0           610.330000       231.550000             None
  128           5120.0           599.890000       229.460000             None
  129           5160.0           593.230000       226.300000             None
  130           5200.0           590.700000       221.350000             None
  131           5240.0           584.940000       209.400000             None
  132           5280.0           583.540000       208.820000             None
  133           5320.0          -121.130000       639.710000             None
  134           5360.0                  nan              nan             None
  135           5400.0           602.850000       171.740000             None
  136           5440.0           603.150000       166.800000             None
  137           5480.0           600.090000       164.390000             None
  138           5520.0           595.980000       159.030000             None
  139           5560.0           589.100000       158.120000             None
  140           5600.0           583.280000       155.770000             None
  141           5640.0           577.310000       152.760000             None
  142           5680.0           593.920000       155.610000             None
  143           5720.0           691.850000       156.060000             None
  144           5760.0           693.800000       159.050000             None
  145           5800.0           693.210000       162.260000             None
  146           5840.0           685.870000       166.800000             None
  147           5880.0           686.380000       172.800000             None
  148           5920.0           679.450000       173.600000             None
  149           5960.0           688.930000       181.640000             None
  150           6000.0           830.300000       255.990000             None
  151           6040.0           816.420000       251.310000             None
  152           6080.0           792.980000       239.790000             None
  153           6120.0           778.050000       232.490000             None
  154           6160.0           774.140000       229.860000             None
  155           6200.0           766.830000       235.590000             None
  156           6240.0           751.810000       243.620000             None
  157           6280.0           853.500000       312.470000             None
  158           6320.0           847.030000       354.730000             None
  159           6360.0           823.950000       356.590000             None
  160           6400.0           806.620000       375.810000             None
  161           6440.0           795.850000       379.570000             None
  162           6480.0           779.280000       360.360000             None
  163           6520.0           751.390000       334.060000             None
  164           6560.0           746.800000       330.440000             None
  165           6600.0           737.080000       316.020000             None
  166           6640.0           753.670000       263.280000             None
  167           6680.0           760.690000       286.150000             None
  168           6720.0           764.050000       342.760000             None
  169           6760.0           765.560000       357.790000             None
  170           6800.0           774.980000       281.490000             None
  171           6840.0           784.210000       248.930000             None
  172           6880.0           802.990000       224.740000             None
  173           6920.0           752.450000       212.760000             None
  174           6960.0           589.130000       200.020000             None
  175           7000.0           576.760000       178.300000             None
  176           7040.0           584.870000       179.680000             None
  177           7080.0           592.580000       177.060000             None
  178           7120.0           600.730000       178.040000             None
  179           7160.0           604.870000       179.630000             None
  180           7200.0           501.090000       217.990000             None
  181           7240.0           399.540000       276.780000             None
  182           7280.0           458.040000       750.830000             None
  183           7320.0           437.360000       274.810000             None
  184           7360.0           465.120000       283.550000             None
  185           7400.0           471.620000       280.750000             None
  186           7440.0           474.130000       279.930000             None
  187           7480.0           476.750000       281.250000             None
  188           7520.0           481.020000       283.030000             None
  189           7560.0           484.240000       285.390000             None
  190           7600.0           486.410000       285.570000             None
  191           7640.0           489.220000       286.660000             None
  192           7680.0           490.450000       308.190000             None
  193           7720.0           611.500000      1197.600000             None
  194           7760.0                  nan              nan             None
  195           7800.0           465.810000       246.790000             None
  196           7840.0           472.090000       215.890000             None
  197           7880.0           475.570000       219.120000             None
  198           7920.0           475.470000       216.200000             None
  199           7960.0           478.500000       214.060000             None
  200           8000.0           479.670000       213.450000             None
  201           8040.0           481.890000       211.560000             None
  202           8080.0           485.490000       211.510000             None
  203           8120.0           488.860000       209.890000             None
  204           8160.0           493.170000       208.570000             None
  205           8200.0           495.890000       209.080000             None
  206           8240.0           497.640000       209.820000             None
  207           8280.0           499.770000       209.070000             None
  208           8320.0           500.210000       208.330000             None
  209           8360.0           500.280000       208.150000             None
  210           8400.0           499.030000       209.680000             None
  211           8440.0           499.810000       208.870000             None
  212           8480.0           517.320000       218.660000             None
  213           8520.0           642.990000       311.180000             None
  214           8560.0           645.410000       311.330000             None
  215           8600.0           644.270000       310.150000             None
  216           8640.0           643.350000       308.270000             None
  217           8680.0           643.630000       309.280000             None
  218           8720.0           640.940000       308.910000             None
  219           8760.0           641.980000       308.840000             None
  220           8800.0           640.610000       309.760000             None
  221           8840.0           638.600000       316.220000             None
  222           8880.0           719.790000       284.260000             None
  223           8920.0           745.300000       269.020000             None
  224           8960.0           739.400000       265.840000             None
  225           9000.0           736.440000       267.350000             None
  226           9040.0           735.910000       263.760000             None
  227           9080.0           731.290000       262.000000             None
  228           9120.0           727.310000       258.440000             None
  229           9160.0           723.640000       257.580000             None
  230           9200.0           808.580000       341.980000             None
  231           9240.0           863.320000       376.230000             None
  232           9280.0           852.900000       373.920000             None
  233           9320.0           842.510000       369.800000             None
  234           9360.0           834.710000       370.330000             None
  235           9400.0           822.020000       368.090000             None
  236           9440.0           806.060000       363.870000             None
  237           9480.0           801.190000       363.540000             None
  238           9520.0           956.270000       395.240000             None
  239           9560.0           941.820000       386.080000             None
  240           9600.0           924.730000       377.680000             None
  241           9640.0           902.340000       370.890000             None
  242           9680.0           891.230000       368.990000             None
  243           9720.0           868.180000       365.530000             None
  244           9760.0           844.830000       358.520000             None
  245           9800.0           819.250000       476.240000             None
  246           9840.0           795.990000       495.170000             None
  247           9880.0           782.220000       484.350000             None
  248           9920.0           772.270000       474.880000             None
  249           9960.0           771.000000       470.440000             None
  250          10000.0           769.010000       466.950000             None
  251          10040.0           766.550000       462.290000             None
  252          10080.0           657.370000       467.470000             None
  253          10120.0           643.980000       461.820000             None
  254          10160.0           641.520000       454.730000             None
  255          10200.0           636.220000       443.660000             None
  256          10240.0           635.810000       440.310000             None
  257          10280.0           632.320000       430.380000             None
  258          10320.0           633.580000       427.170000             None
  259          10360.0           625.820000       426.960000             None
  260          10400.0           531.610000       441.430000             None
  261          10440.0           533.760000       444.100000             None
  262          10480.0           543.780000       446.230000             None
  263          10520.0           552.720000       446.980000             None
  264          10560.0           562.390000       448.560000             None
  265          10600.0           483.530000       435.640000             None
  266          10640.0           457.320000       431.950000             None
  267          10680.0           468.250000       439.170000             None
  268          10720.0           473.750000       443.290000             None
  269          10760.0           479.400000       446.000000             None
  270          10800.0           484.010000       447.630000             None
  271          10840.0           486.840000       450.090000             None
  272          10880.0           486.250000       450.110000             None
  273          10920.0           486.140000       450.490000             None
  274          10960.0           485.590000       452.150000             None
  275          11000.0           483.820000       448.620000             None
  276          11040.0           480.260000       444.070000             None
  277          11080.0           418.060000       428.890000             None
  278          11120.0           356.140000       424.430000             None
  279          11160.0           356.180000       421.920000             None
  280          11200.0           360.550000       413.910000             None
  281          11240.0           364.510000       411.180000             None
  282          11280.0           377.080000       416.900000             None
  283          11320.0           510.730000       534.950000             None
  284          11360.0           523.980000       544.030000             None
  285          11400.0           526.280000       539.100000             None
  286          11440.0           526.190000       536.500000             None
  287          11480.0           524.470000       529.570000             None
  288          11520.0           523.120000       526.780000             None
  289          11560.0           519.350000       516.180000             None
  290          11600.0           513.360000       509.930000             None
  291          11640.0           508.750000       502.830000             None
  292          11680.0           502.320000       491.040000             None
  293          11720.0           499.160000       485.110000             None
  294          11760.0           590.680000       505.240000             None
  295          11800.0           675.270000       524.870000             None
  296          11840.0           669.200000       519.410000             None
  297          11880.0           655.580000       509.090000             None
  298          11920.0           647.720000       506.110000             None
  299          11960.0           636.430000       505.110000             None
  300          12000.0           637.070000       504.250000             None
  301          12040.0           765.910000       513.050000             None
  302          12080.0           752.380000       503.740000             None
  303          12120.0           738.820000       496.340000             None
  304          12160.0           716.660000       484.150000             None
  305          12200.0           706.800000       481.580000             None
  306          12240.0           689.040000       475.230000             None
  307          12280.0           679.070000       474.110000             None
  308          12320.0           790.480000       430.950000             None
  309          12360.0           833.890000       404.960000             None
  310          12400.0           812.400000       404.430000             None
  311          12440.0           785.440000       408.120000             None
  312          12480.0           768.320000       407.610000             None
  313          12520.0           751.850000       402.260000             None
  314          12560.0           762.470000       397.960000             None
  315          12600.0           915.720000       396.640000             None
  316          12640.0           901.260000       394.390000             None
  317          12680.0           887.430000       394.470000             None
  318          12720.0           872.680000       393.390000             None
  319          12760.0           858.890000       399.880000             None
  320          12800.0           853.590000       405.840000             None
  321          12840.0           749.650000       372.090000             None
  322          12880.0           753.220000       373.680000             None
  323          12920.0           747.830000       369.580000             None
  324          12960.0           746.750000       367.160000             None
  325          13000.0           743.430000       367.230000             None
  326          13040.0           765.480000       326.470000             None
  327          13080.0           773.500000       291.950000             None
  328          13120.0           774.040000       295.120000             None
  329          13160.0           775.270000       297.560000             None
  330          13200.0           779.190000       300.130000             None
  331          13240.0           696.970000       272.130000             None
  332          13280.0           695.870000       272.010000             None
  333          13320.0           696.360000       269.710000             None
  334          13360.0           696.880000       270.020000             None
  335          13400.0           696.020000       270.140000             None
  336          13440.0           696.850000       272.020000             None
  337          13480.0           700.170000       276.890000             None
  338          13520.0           702.130000       277.330000             None
  339          13560.0           705.510000       279.810000             None
  340          13600.0           710.340000       279.010000             None
  341          13640.0           705.060000       222.110000             None
  342          13680.0           704.310000       203.670000             None
  343          13720.0           699.350000       203.710000             None
  344          13760.0           702.190000       202.680000             None
  345          13800.0           704.780000       203.660000             None
  346          13840.0           703.860000       201.730000             None
  347          13880.0           644.020000       174.030000             None
  348          13920.0           620.980000       147.950000             None
  349          13960.0           623.660000       150.130000             None
  350          14000.0           625.010000       149.780000             None
  351          14040.0           625.640000       149.000000             None
  352          14080.0           625.380000       148.320000             None
  353          14120.0           629.390000       147.570000             None
  354          14160.0           570.810000       199.190000             None
  355          14200.0           523.320000       275.730000             None
  356          14240.0           524.860000       273.390000             None
  357          14280.0           528.140000       269.770000             None
  358          14320.0           533.360000       264.590000             None
  359          14360.0           535.180000       262.550000             None
  360          14400.0           364.980000       281.430000             None
  361          14440.0           360.040000       280.640000             None
  362          14480.0           369.080000       276.080000             None
  363          14520.0           374.970000       276.110000             None
  364          14560.0           382.960000       273.810000             None
  365          14600.0           395.980000       272.400000             None
  366          14640.0           345.480000       266.800000             None
  367          14680.0           326.400000       269.500000             None
  368          14720.0           331.780000       272.100000             None
  369          14760.0           335.530000       274.680000             None
  370          14800.0           345.460000       275.820000             None
  371          14840.0           352.250000       274.570000             None
  372          14880.0           293.900000       331.680000             None
  373          14920.0           262.510000       428.800000             None
  374          14960.0           270.010000       424.820000             None
  375          15000.0           279.890000       417.410000             None
  376          15040.0           287.660000       414.270000             None
  377          15080.0           298.690000       415.390000             None
  378          15120.0           306.860000       419.230000             None
  379          15160.0           322.420000       421.040000             None
  380          15200.0           337.400000       422.600000             None
  381          15240.0           460.450000       441.160000             None
  382          15280.0           464.530000       436.980000             None
  383          15320.0           466.530000       435.560000             None
  384          15360.0           470.530000       429.160000             None
  385          15400.0           473.470000       427.750000             None
  386          15440.0           474.300000       422.320000             None
  387          15480.0           478.040000       415.650000             None
  388          15520.0           585.520000       351.950000             None
  389          15560.0           575.110000       347.630000             None
  390          15600.0           559.110000       347.520000             None
  391          15640.0           541.670000       348.430000             None
  392          15680.0           563.930000       345.090000             None
  393          15720.0           768.220000       358.550000             None
  394          15760.0           770.780000       346.660000             None
  395          15800.0           732.380000       338.500000             None
  396          15840.0           698.690000       334.940000             None
  397          15880.0           653.100000       336.750000             None
  398          15920.0           632.890000       339.420000             None
  399          15960.0           628.940000       347.970000             None
  400          16000.0           792.370000       358.600000             None
  401          16040.0           765.520000       352.520000             None
  402          16080.0           746.290000       352.840000             None
  403          16120.0           732.090000       352.550000             None
  404          16160.0           720.350000       353.810000             None
  405          16200.0           717.190000       355.140000             None
  406          16240.0           717.230000       358.550000             None
  407          16280.0           718.810000       354.670000             None
  408          16320.0           717.150000       351.410000             None
  409          16360.0           589.960000       305.620000             None
  410          16400.0           590.320000       298.890000             None
  411          16440.0           591.650000       296.030000             None
  412          16480.0           595.110000       295.500000             None
  413          16520.0           600.520000       295.980000             None
  414          16560.0           606.970000       298.380000             None
  415          16600.0           611.910000       303.140000             None
  416          16640.0           620.600000       313.790000             None
  417          16680.0           534.100000       312.700000             None
  418          16720.0           494.500000       318.110000             None
  419          16760.0           502.650000       320.100000             None
  420          16800.0           509.280000       318.640000             None
  421          16840.0           518.890000       313.650000             None
  422          16880.0           522.010000       312.320000             None
  423          16920.0           528.060000       310.200000             None
  424          16960.0           541.670000       285.620000             None
  425          17000.0           560.670000       215.900000             None
  426          17040.0           569.730000       218.270000             None
  427          17080.0           574.790000       220.370000             None
  428          17120.0           582.890000       218.550000             None
  429          17160.0           586.900000       217.980000             None
  430          17200.0           591.440000       217.410000             None
  431          17240.0           592.590000       211.990000             None
  432          17280.0           592.120000       208.650000             None
  433          17320.0           594.670000       207.390000             None
  434          17360.0           592.830000       208.640000             None
  435          17400.0           594.730000       208.070000             None
  436          17440.0           658.320000       177.880000             None
  437          17480.0           663.250000       176.580000             None
  438          17520.0           660.260000       183.000000             None
  439          17560.0           657.010000       186.600000             None
  440          17600.0           653.310000       190.330000             None
  441          17640.0           725.840000       189.150000             None
  442          17680.0           757.500000       181.990000             None
  443          17720.0           743.870000       183.370000             None
  444          17760.0           734.290000       187.440000             None
  445          17800.0           589.140000       171.000000   Frosted Flakes
  446          17840.0           542.770000       164.110000   Frosted Flakes
  447          17880.0           547.130000       167.510000   Frosted Flakes
  448          17920.0           554.950000       171.440000   Frosted Flakes
  449          17960.0           560.100000       169.780000   Frosted Flakes
  450          18000.0           568.150000       168.580000   Frosted Flakes
  451          18040.0           570.350000       169.770000   Frosted Flakes
  452          18080.0           505.190000       149.540000   Frosted Flakes
  453          18120.0           514.620000       153.980000   Frosted Flakes
  454          18160.0           519.930000       156.230000   Frosted Flakes
  455          18200.0           528.080000       154.920000   Frosted Flakes
  456          18240.0           534.690000       153.770000   Frosted Flakes
  457          18280.0           536.740000       153.060000   Frosted Flakes
  458          18320.0           536.860000       155.920000   Frosted Flakes
  459          18360.0           528.020000       155.530000   Frosted Flakes
  460          18400.0           518.760000       150.260000   Frosted Flakes
  461          18440.0           519.700000       154.430000   Frosted Flakes
  462          18480.0           523.470000       162.330000   Frosted Flakes
  463          18520.0           525.880000       172.800000   Frosted Flakes
  464          18560.0           527.270000       184.590000   Frosted Flakes
  465          18600.0           528.900000       201.300000   Frosted Flakes
  466          18640.0           529.170000       208.910000   Frosted Flakes
  467          18680.0           533.100000       227.760000   Frosted Flakes
  468          18720.0           531.740000       235.030000   Frosted Flakes
  469          18760.0           520.240000       243.330000   Frosted Flakes
  470          18800.0           525.450000       249.650000   Frosted Flakes
  471          18840.0           528.830000       251.580000   Frosted Flakes
  472          18880.0           531.750000       253.620000   Frosted Flakes
  473          18920.0           533.920000       254.460000   Frosted Flakes
  474          18960.0           536.310000       253.980000   Frosted Flakes
  475          19000.0           542.480000       252.580000   Frosted Flakes
  476          19040.0           546.670000       250.200000   Frosted Flakes
  477          19080.0           551.540000       244.960000   Frosted Flakes
  478          19120.0           555.470000       243.460000   Frosted Flakes
  479          19160.0           564.470000       238.120000   Frosted Flakes
  480          19200.0           564.770000       235.640000   Frosted Flakes
  481          19240.0           563.500000       232.780000   Frosted Flakes
  482          19280.0           564.430000       224.940000   Frosted Flakes
  483          19320.0           566.380000       221.150000   Frosted Flakes
  484          19360.0           568.620000       212.680000   Frosted Flakes
  485          19400.0           570.500000       209.890000   Frosted Flakes
  486          19440.0           570.970000       208.310000   Frosted Flakes
  487          19480.0           565.620000       203.190000   Frosted Flakes
  488          19520.0           561.970000       200.660000   Frosted Flakes
  489          19560.0           555.380000       193.680000   Frosted Flakes
  490          19600.0           555.830000       190.960000   Frosted Flakes
  491          19640.0           554.690000       190.900000   Frosted Flakes
  492          19680.0           556.410000       191.260000   Frosted Flakes
  493          19720.0           559.760000       190.420000   Frosted Flakes
  494          19760.0           564.960000       191.230000   Frosted Flakes
  495          19800.0           564.640000       186.180000   Frosted Flakes
  496          19840.0           563.140000       185.540000   Frosted Flakes
  497          19880.0           557.670000       184.110000   Frosted Flakes
  498          19920.0           555.740000       186.030000   Frosted Flakes
  499          19960.0           554.010000       186.090000   Frosted Flakes
  500          20000.0           554.090000       189.120000   Frosted Flakes
  501          20040.0           552.010000       189.410000   Frosted Flakes
  502          20080.0           553.020000       188.700000   Frosted Flakes
  503          20120.0           553.650000       187.810000   Frosted Flakes
  504          20160.0           552.950000       184.490000   Frosted Flakes
  505          20200.0           553.670000       185.140000   Frosted Flakes
  506          20240.0           557.420000       188.420000   Frosted Flakes
  507          20280.0           556.480000       191.320000   Frosted Flakes
  508          20320.0           534.160000       202.880000   Frosted Flakes
  509          20360.0           533.870000       204.520000   Frosted Flakes
  510          20400.0           532.160000       203.110000   Frosted Flakes
  511          20440.0           531.270000       198.480000   Frosted Flakes
  512          20480.0           530.150000       194.970000   Frosted Flakes
  513          20520.0           513.020000       185.330000   Frosted Flakes
  514          20560.0           514.150000       189.260000   Frosted Flakes
  515          20600.0           516.680000       192.040000   Frosted Flakes
  516          20640.0           516.810000       197.150000   Frosted Flakes
  517          20680.0           518.110000       198.090000   Frosted Flakes
  518          20720.0           546.410000       192.720000   Frosted Flakes
  519          20760.0           593.970000       185.310000   Frosted Flakes
  520          20800.0           594.190000       180.390000   Frosted Flakes
  521          20840.0           593.290000       177.930000   Frosted Flakes
  522          20880.0           594.310000       175.850000   Frosted Flakes
  523          20920.0           598.650000       177.320000   Frosted Flakes
  524          20960.0           600.070000       177.970000   Frosted Flakes
  525          21000.0           602.720000       177.620000             None
  526          21040.0           600.920000       175.720000   Frosted Flakes
  527          21080.0           599.480000       174.980000   Frosted Flakes
  528          21120.0           597.590000       172.840000   Frosted Flakes
  529          21160.0           599.490000       175.320000   Frosted Flakes
  530          21200.0           600.650000       175.140000   Frosted Flakes
  531          21240.0           599.580000       176.540000   Frosted Flakes
  532          21280.0           600.320000       176.470000   Frosted Flakes
  533          21320.0           597.740000       176.650000   Frosted Flakes
  534          21360.0           594.120000       177.760000   Frosted Flakes
  535          21400.0           557.520000       199.930000   Frosted Flakes
  536          21440.0           556.730000       199.880000   Frosted Flakes
  537          21480.0           557.430000       200.170000   Frosted Flakes
  538          21520.0           557.550000       200.690000   Frosted Flakes
  539          21560.0           552.720000       200.760000   Frosted Flakes
  540          21600.0           527.450000       206.300000   Frosted Flakes
  541          21640.0           526.450000       206.350000   Frosted Flakes
  542          21680.0           526.020000       205.110000   Frosted Flakes
  543          21720.0           528.640000       204.650000   Frosted Flakes
  544          21760.0           527.250000       203.770000   Frosted Flakes
  545          21800.0           527.210000       203.630000   Frosted Flakes
  546          21840.0           553.790000       209.020000   Frosted Flakes
  547          21880.0           573.960000       215.870000   Frosted Flakes
  548          21920.0           574.590000       215.820000   Frosted Flakes
  549          21960.0           573.970000       215.410000   Frosted Flakes
  550          22000.0           573.680000       214.610000   Frosted Flakes
  551          22040.0           575.730000       211.910000   Frosted Flakes
  552          22080.0           574.320000       212.300000   Frosted Flakes
  553          22120.0           582.410000       213.680000   Frosted Flakes
  554          22160.0           588.750000       218.090000   Frosted Flakes
  555          22200.0           588.430000       218.210000   Frosted Flakes
  556          22240.0           588.490000       217.120000   Frosted Flakes
  557          22280.0           584.800000       217.040000   Frosted Flakes
  558          22320.0           585.500000       216.550000   Frosted Flakes
  559          22360.0           586.350000       215.720000   Frosted Flakes
  560          22400.0           586.220000       214.020000   Frosted Flakes
  561          22440.0           585.840000       214.790000   Frosted Flakes
  562          22480.0           585.980000       215.010000   Frosted Flakes
  563          22520.0           585.730000       214.860000   Frosted Flakes
  564          22560.0           583.700000       215.360000   Frosted Flakes
  565          22600.0           584.580000       215.870000   Frosted Flakes
  566          22640.0           585.050000       213.070000   Frosted Flakes
  567          22680.0           583.760000       214.160000   Frosted Flakes
  568          22720.0           611.840000       241.680000             None
  569          22760.0           610.300000       245.850000             None
  570          22800.0           610.220000       243.200000             None
  571          22840.0           609.930000       242.210000             None
  572          22880.0           609.670000       240.690000             None
  573          22920.0           609.820000       240.080000             None
  574          22960.0           608.410000       238.730000             None
  575          23000.0           577.890000       240.350000   Frosted Flakes
  576          23040.0           541.660000       240.520000   Frosted Flakes
  577          23080.0           545.110000       236.830000   Frosted Flakes
  578          23120.0           544.520000       235.740000   Frosted Flakes
  579          23160.0           545.880000       233.650000   Frosted Flakes
  580          23200.0           546.430000       235.220000   Frosted Flakes
  581          23240.0           547.380000       233.090000   Frosted Flakes
  582          23280.0           546.010000       233.340000   Frosted Flakes
  583          23320.0           542.130000       233.360000   Frosted Flakes
  584          23360.0           541.640000       232.840000   Frosted Flakes
  585          23400.0           540.860000       231.800000   Frosted Flakes
  586          23440.0           541.300000       232.520000   Frosted Flakes
  587          23480.0           542.960000       232.070000   Frosted Flakes
  588          23520.0           545.330000       232.500000   Frosted Flakes
  589          23560.0           547.950000       233.340000   Frosted Flakes
  590          23600.0           548.290000       234.980000   Frosted Flakes
  591          23640.0           548.740000       238.180000   Frosted Flakes
  592          23680.0           547.980000       237.570000   Frosted Flakes
  593          23720.0           547.170000       237.180000   Frosted Flakes
  594          23760.0           549.510000       236.920000   Frosted Flakes
  595          23800.0           551.450000       237.270000   Frosted Flakes
  596          23840.0           551.910000       235.080000   Frosted Flakes
  597          23880.0           551.600000       234.920000   Frosted Flakes
  598          23920.0           550.930000       234.120000   Frosted Flakes
  599          23960.0           550.580000       233.190000   Frosted Flakes
  600          24000.0           547.280000       232.530000   Frosted Flakes
  601          24040.0           548.590000       232.670000   Frosted Flakes
  602          24080.0           549.480000       232.790000   Frosted Flakes
  603          24120.0           551.000000       233.230000   Frosted Flakes
  604          24160.0           552.010000       231.710000   Frosted Flakes
  605          24200.0           551.830000       229.160000   Frosted Flakes
  606          24240.0           552.300000       228.010000   Frosted Flakes
  607          24280.0           553.770000       231.840000   Frosted Flakes
  608          24320.0           524.880000       271.300000   Frosted Flakes
  609          24360.0           528.250000       278.630000   Frosted Flakes
  610          24400.0           528.740000       279.340000   Frosted Flakes
  611          24440.0           529.930000       281.940000   Frosted Flakes
  612          24480.0           529.460000       285.470000   Frosted Flakes
  613          24520.0           525.130000       286.770000   Frosted Flakes
  614          24560.0           523.530000       286.320000   Frosted Flakes
  615          24600.0           522.560000       286.590000   Frosted Flakes
  616          24640.0           522.790000       285.740000   Frosted Flakes
  617          24680.0           515.490000       287.180000   Frosted Flakes
  618          24720.0           515.950000       288.020000   Frosted Flakes
  619          24760.0           516.440000       290.690000   Frosted Flakes
  620          24800.0           515.920000       292.080000   Frosted Flakes
  621          24840.0           514.630000       298.180000   Frosted Flakes
  622          24880.0           547.230000       308.140000   Frosted Flakes
  623          24920.0           601.320000       320.480000   Frosted Flakes
  624          24960.0           597.790000       317.830000   Frosted Flakes
  625          25000.0           594.970000       311.630000   Frosted Flakes
  626          25040.0           593.260000       309.060000   Frosted Flakes
  627          25080.0           592.080000       307.040000   Frosted Flakes
  628          25120.0           596.130000       307.580000             None
  629          25160.0           606.590000       297.290000             None
  630          25200.0           615.010000       274.200000   Frosted Flakes
  631          25240.0           613.950000       269.950000   Frosted Flakes
  632          25280.0           612.920000       268.290000   Frosted Flakes
  633          25320.0           607.260000       258.190000             None
  634          25360.0           608.530000       250.920000             None
  635          25400.0           607.970000       250.010000             None
  636          25440.0           607.610000       248.530000             None
  637          25480.0           607.910000       246.730000             None
  638          25520.0           608.080000       246.870000             None
  639          25560.0           608.700000       247.190000             None
  640          25600.0           609.070000       246.410000             None
  641          25640.0           608.180000       245.890000             None
  642          25680.0           606.180000       245.670000             None
  643          25720.0           606.560000       245.970000             None
  644          25760.0           606.270000       245.350000             None
  645          25800.0           611.060000       241.400000             None
  646          25840.0           610.740000       239.480000             None
  647          25880.0           610.120000       237.700000             None
  648          25920.0           610.350000       235.600000             None
  649          25960.0           609.710000       233.590000             None
  650          26000.0           610.940000       233.580000             None
  651          26040.0           611.570000       234.760000             None
  652          26080.0           612.710000       234.480000             None
  653          26120.0           610.870000       233.060000             None
  654          26160.0           611.620000       233.110000             None
  655          26200.0           609.500000       233.270000             None
  656          26240.0           609.340000       231.680000             None
  657          26280.0           579.010000       283.760000   Frosted Flakes
  658          26320.0           579.590000       283.420000   Frosted Flakes
  659          26360.0           578.810000       282.590000   Frosted Flakes
  660          26400.0           578.930000       281.730000   Frosted Flakes
  661          26440.0           578.770000       281.710000   Frosted Flakes
  662          26480.0           578.720000       281.190000   Frosted Flakes
  663          26520.0           577.540000       281.500000   Frosted Flakes
  664          26560.0           580.160000       280.250000   Frosted Flakes
  665          26600.0           581.660000       282.840000   Frosted Flakes
  666          26640.0           584.010000       283.130000   Frosted Flakes
  667          26680.0           516.050000       289.270000   Frosted Flakes
  668          26720.0           516.870000       290.100000   Frosted Flakes
  669          26760.0           518.160000       289.800000   Frosted Flakes
  670          26800.0           519.230000       290.800000   Frosted Flakes
  671          26840.0           520.310000       288.650000   Frosted Flakes
  672          26880.0           521.710000       288.830000   Frosted Flakes
  673          26920.0           506.520000       287.890000   Frosted Flakes
  674          26960.0           507.120000       287.010000   Frosted Flakes
  675          27000.0           505.970000       287.640000   Frosted Flakes
  676          27040.0           507.040000       286.700000   Frosted Flakes
  677          27080.0           507.090000       286.300000   Frosted Flakes
  678          27120.0           508.810000       285.740000   Frosted Flakes
  679          27160.0           508.730000       284.700000   Frosted Flakes
  680          27200.0           525.250000       211.120000   Frosted Flakes
  681          27240.0           525.820000       178.760000   Frosted Flakes
  682          27280.0           527.170000       177.120000   Frosted Flakes
  683          27320.0           527.260000       174.150000   Frosted Flakes
  684          27360.0           526.800000       172.130000   Frosted Flakes
  685          27400.0           526.390000       172.070000   Frosted Flakes
  686          27440.0           542.150000       145.570000   Frosted Flakes
  687          27480.0           547.910000       136.910000   Frosted Flakes
  688          27520.0           546.650000       132.730000   Frosted Flakes
  689          27560.0           549.190000       129.280000   Frosted Flakes
  690          27600.0           550.100000       127.220000   Frosted Flakes
  691          27640.0           563.930000       112.360000   Frosted Flakes
  692          27680.0           562.240000       109.730000   Frosted Flakes
  693          27720.0           562.890000       110.290000   Frosted Flakes
  694          27760.0           561.390000       111.130000   Frosted Flakes
  695          27800.0           560.830000       111.030000   Frosted Flakes
  696          27840.0           577.510000       113.230000   Frosted Flakes
  697          27880.0           576.890000       111.800000   Frosted Flakes
  698          27920.0           576.560000       112.520000   Frosted Flakes
  699          27960.0           576.590000       109.940000   Frosted Flakes
  700          28000.0           576.810000       109.480000   Frosted Flakes
  701          28040.0           634.890000        97.850000   Frosted Flakes
  702          28080.0           644.420000        96.940000   Frosted Flakes
  703          28120.0           644.340000        94.240000   Frosted Flakes
  704          28160.0           645.730000        90.970000   Frosted Flakes
  705          28200.0           644.050000        90.320000   Frosted Flakes
  706          28240.0           643.190000        90.650000   Frosted Flakes
  707          28280.0           642.290000        91.810000   Frosted Flakes
  708          28320.0           641.310000        93.310000   Frosted Flakes
  709          28360.0           641.330000        92.180000   Frosted Flakes
  710          28400.0           641.430000        90.680000   Frosted Flakes
  711          28440.0           639.170000        85.650000   Frosted Flakes
  712          28480.0           639.800000        81.630000   Frosted Flakes
  713          28520.0           638.690000        79.570000   Frosted Flakes
  714          28560.0           640.080000        76.660000   Frosted Flakes
  715          28600.0           639.300000        77.340000   Frosted Flakes
  716          28640.0           637.170000        75.980000   Frosted Flakes
  717          28680.0           637.700000        75.980000   Frosted Flakes
  718          28720.0           637.590000        90.630000   Frosted Flakes
  719          28760.0           631.420000       168.150000   Frosted Flakes
  720          28800.0           625.120000       242.420000   Frosted Flakes
  721          28840.0           625.670000       246.310000   Frosted Flakes
  722          28880.0           624.190000       244.370000   Frosted Flakes
  723          28920.0           622.890000       243.180000   Frosted Flakes
  724          28960.0           623.750000       242.330000   Frosted Flakes
  725          29000.0           623.840000       241.480000   Frosted Flakes
  726          29040.0           623.390000       241.770000   Frosted Flakes
  727          29080.0           622.840000       240.190000   Frosted Flakes
  728          29120.0           621.320000       240.290000   Frosted Flakes
  729          29160.0           621.430000       240.890000   Frosted Flakes
  730          29200.0           619.950000       238.970000   Frosted Flakes
  731          29240.0           620.610000       240.420000   Frosted Flakes
  732          29280.0           620.290000       240.520000   Frosted Flakes
  733          29320.0           620.450000       239.390000   Frosted Flakes
  734          29360.0           621.570000       239.110000   Frosted Flakes
  735          29400.0           620.940000       239.340000   Frosted Flakes
  736          29440.0           622.980000       237.860000   Frosted Flakes
  737          29480.0           619.980000       253.590000   Frosted Flakes
  738          29520.0                  nan              nan             None
  739          29560.0           588.730000       539.050000             None
  740          29600.0           580.530000       219.370000   Frosted Flakes
  741          29640.0           583.960000       214.750000   Frosted Flakes
  742          29680.0           586.480000       216.100000   Frosted Flakes


  1. Visualization
  2. Summary Statistics
  3. Go over data
  4. Cborn
  5. Matplot lib 
  6. Seaborn 
  7. Shinny R-plugging 
    8. Order effects
  9. Decision start = end times 
